@C000
85 46 00 00 06 93 03 34 B4 43 00 00 02 3C 84 43 
00 00 30 41 85 86 00 00 84 73 00 00 30 41 47 43 
84 93 00 00 09 34 57 E3 B5 E3 00 00 B4 E3 00 00 
95 53 00 00 84 63 00 00 06 93 03 34 57 E3 36 E3 
16 53 29 44 28 45 84 43 00 00 85 43 00 00 06 93 
0A 24 12 C3 06 10 04 28 85 58 00 00 84 69 00 00 
08 58 09 69 F4 3F 47 93 08 24 B5 E3 00 00 B4 E3 
00 00 95 53 00 00 84 63 00 00 30 41 06 93 04 24 
24 11 25 10 16 83 FA 3F 30 41 B1 C0 10 00 00 00 
00 13 82 43 60 01 B1 C0 10 00 00 00 00 13 B2 40 
80 5A 20 01 B2 40 60 A0 B2 01 B2 40 38 38 B0 01 
32 D2 B2 40 1E 00 72 01 B2 D0 10 00 62 01 B2 40 
10 02 60 01 32 D0 10 00 B2 C0 10 00 62 01 32 C2 
B2 D0 03 00 B0 01 32 D0 18 00 34 40 02 02 35 40 
00 02 16 42 B4 01 B0 12 00 C0 34 40 02 02 35 40 
00 02 36 40 76 02 B0 12 14 C0 34 40 02 02 35 40 
00 02 36 40 F9 02 B0 12 1E C0 34 40 02 02 35 40 
00 02 36 40 0A 00 B0 12 7C C0 34 40 06 02 35 40 
04 02 16 42 B4 01 B0 12 00 C0 34 40 06 02 35 40 
04 02 36 40 A1 02 B0 12 14 C0 34 40 06 02 35 40 
04 02 36 40 A7 01 B0 12 1E C0 34 40 06 02 35 40 
04 02 36 40 0A 00 B0 12 7C C0 03 43 B9 3F 30 41 
31 40 00 04 B0 12 9E C0 32 D0 10 00 FD 3F 
@FFE0
68 C1 68 C1 68 C1 68 C1 68 C1 8A C0 68 C1 68 C1 
68 C1 92 C0 68 C1 68 C1 68 C1 68 C1 68 C1 60 C1 
q
