@C000
85 56 00 00 84 63 00 00 30 41 F2 93 FD 10 FD 27 
C2 43 56 00 D2 42 FD 10 57 00 D2 42 FC 10 56 00 
F2 D0 20 00 53 00 E2 C3 02 00 30 41 B2 40 80 5A 
20 01 B0 12 0A C0 30 41 F2 42 24 00 C2 43 23 00 
F2 42 25 00 30 41 F2 B2 23 00 06 24 92 12 00 02 
92 12 02 02 F2 C2 23 00 B1 C0 D0 00 00 00 00 13 
82 44 00 02 82 45 02 02 30 41 F2 42 21 00 F2 40 
F1 00 22 00 F2 D2 27 00 F2 D0 06 00 26 00 F2 D0 
06 00 41 00 C2 43 2E 00 C2 43 29 00 F2 43 2A 00 
C2 43 19 00 F2 43 1A 00 30 41 92 12 04 02 B1 C0 
D0 00 00 00 00 13 82 44 04 02 30 41 B2 40 70 17 
72 01 B2 40 10 00 62 01 B2 40 14 01 60 01 30 41 
0A 00 FF FF FF FF FF FF 14 00 FF FF FF FF FF FF 
14 00 FF FF FF FF FF FF 04 56 07 43 07 96 06 34 
14 83 E5 44 00 00 15 53 16 83 F7 3F 30 41 68 45 
07 48 C4 47 00 00 14 53 07 93 09 34 26 43 38 42 
08 96 05 38 F4 43 00 00 14 53 16 53 F8 3F 30 41 
68 45 07 48 C4 47 00 00 14 53 E4 45 00 00 14 53 
07 93 0A 34 36 40 03 00 38 42 08 96 05 38 F4 43 
00 00 14 53 16 53 F8 3F 30 41 07 46 69 45 08 49 
05 57 09 43 09 97 06 34 15 83 E4 45 00 00 14 53 
17 83 F7 3F 08 93 0B 34 09 46 19 53 07 49 39 42 
09 97 05 38 F4 43 00 00 14 53 17 53 F8 3F 30 41 
07 43 07 96 05 34 84 45 00 00 24 53 26 83 F8 3F 
30 41 31 80 06 00 81 43 02 00 1F 41 0C 00 91 4F 
0E 00 04 00 1F 41 04 00 E1 4F 00 00 91 53 04 00 
E1 41 01 00 12 C3 51 10 01 00 51 11 01 00 51 11 
01 00 51 11 01 00 F1 92 01 00 0C 2C 1F 41 08 00 
EF 42 00 00 6F 41 1E 41 08 00 8E 4F 02 00 91 43 
02 00 1E 3D F1 90 0E 00 01 00 04 24 F1 90 0F 00 
01 00 19 20 1F 41 08 00 FF 40 03 00 00 00 6F 41 
1E 41 08 00 8E 4F 02 00 1F 41 08 00 BF 43 04 00 
1F 41 08 00 BF 43 06 00 1F 41 08 00 BF 43 08 00 
91 43 02 00 FD 3C F1 92 01 00 0F 20 1F 41 08 00 
FF 40 09 00 00 00 6F 41 7F C0 F0 FF 1E 41 08 00 
8E 4F 02 00 91 43 02 00 EB 3C F1 90 09 00 01 00 
0E 20 1F 41 08 00 FF 42 00 00 6F 41 7F C0 F0 FF 
1E 41 08 00 8E 4F 02 00 91 43 02 00 D9 3C F1 90 
0A 00 01 00 04 24 F1 90 0B 00 01 00 0F 20 1F 41 
08 00 FF 40 07 00 00 00 6F 41 7F C0 E0 FF 1E 41 
08 00 8E 4F 02 00 91 43 02 00 C2 3C F1 90 C0 00 
00 00 07 20 1F 41 08 00 DF 43 00 00 91 43 02 00 
B7 3C F1 90 C2 00 00 00 04 24 F1 90 C3 00 00 00 
11 20 1F 41 08 00 EF 43 00 00 D1 B3 00 00 02 24 
1F 43 01 3C 0F 43 1E 41 08 00 8E 4F 02 00 91 43 
02 00 9E 3C F1 90 CC 00 00 00 0E 20 1F 41 08 00 
EF 42 00 00 1F 41 04 00 6F 4F 1E 41 08 00 8E 4F 
02 00 A1 43 02 00 8C 3C F1 90 CD 00 00 00 10 20 
1F 41 08 00 EF 42 00 00 14 41 04 00 15 41 08 00 
25 53 26 43 B0 12 D8 C0 B1 40 03 00 02 00 78 3C 
F1 90 CE 00 00 00 10 20 1F 41 08 00 EF 42 00 00 
14 41 04 00 15 41 08 00 25 53 26 42 B0 12 D8 C0 
B1 40 05 00 02 00 64 3C F1 90 CF 00 00 00 10 20 
1F 41 08 00 EF 42 00 00 14 41 04 00 15 41 08 00 
25 53 36 42 B0 12 D8 C0 B1 40 09 00 02 00 50 3C 
F1 90 D0 00 00 00 0F 20 1F 41 08 00 FF 40 03 00 
00 00 14 41 08 00 24 53 15 41 04 00 B0 12 EE C0 
A1 43 02 00 3D 3C F1 90 D1 00 00 00 10 20 1F 41 
08 00 FF 40 03 00 00 00 14 41 08 00 24 53 15 41 
04 00 B0 12 10 C1 B1 40 03 00 02 00 29 3C F1 90 
D2 00 00 00 11 20 1F 41 08 00 FF 40 03 00 00 00 
14 41 08 00 24 53 15 41 04 00 26 42 B0 12 3A C1 
B1 40 05 00 02 00 14 3C F1 90 D3 00 00 00 10 20 
1F 41 08 00 FF 40 03 00 00 00 14 41 04 00 15 41 
08 00 25 53 36 42 B0 12 D8 C0 B1 40 09 00 02 00 
1F 41 02 00 31 50 06 00 30 41 14 41 06 00 05 43 
36 40 14 00 B0 12 70 C1 1F 41 06 00 9F 41 02 00 
0E 00 1F 41 02 00 1F 51 04 00 1E 41 06 00 8E 4F 
10 00 30 41 21 83 3F 40 06 02 1E 41 04 00 3D 40 
05 00 BE 4F 00 00 2E 53 1D 83 FB 23 11 12 0C 00 
11 12 0C 00 11 12 0C 00 11 12 0C 00 B0 12 82 C1 
31 52 81 4F 00 00 81 93 00 00 05 20 1F 41 04 00 
DF 43 00 00 04 3C 1F 41 08 00 AF 51 0E 00 21 53 
30 41 64 45 30 41 25 53 24 45 30 41 08 47 18 53 
12 C3 08 10 09 48 08 24 1A 44 0E 00 0B 46 BB 4A 
00 00 2B 53 19 83 FB 23 84 57 0E 00 30 41 25 53 
24 45 30 41 54 45 02 00 30 41 25 53 24 45 30 41 
1F 41 02 00 8F 93 00 00 06 24 11 12 04 00 1F 41 
04 00 AF 12 21 53 1F 41 02 00 8F 43 00 00 1E 41 
02 00 1F 4E 12 00 30 41 84 43 00 00 84 43 02 00 
84 43 04 00 84 43 06 00 84 43 08 00 84 43 0A 00 
84 43 0C 00 84 43 0E 00 30 41 14 41 06 00 15 41 
08 00 B0 12 F8 C4 1F 41 06 00 9F 41 02 00 08 00 
1F 41 06 00 9F 41 02 00 0A 00 1F 41 02 00 1F 51 
04 00 1E 41 06 00 8E 4F 0C 00 30 41 84 46 00 00 
30 41 17 44 0A 00 38 40 80 00 08 56 C7 48 00 00 
94 53 0A 00 30 41 37 40 1F 00 07 96 09 38 17 44 
0A 00 38 40 A0 00 08 56 C7 48 00 00 94 53 0A 00 
30 41 04 43 04 96 07 34 07 44 07 55 C7 93 00 00 
02 24 14 53 F7 3F 30 41 08 43 09 48 09 56 C9 93 
00 00 0A 24 19 44 0A 00 0A 48 0A 56 E9 4A 00 00 
94 53 0A 00 18 53 F1 3F 30 41 14 41 06 00 15 41 
08 00 05 12 04 12 15 41 06 00 16 41 08 00 B0 12 
82 C5 06 44 34 41 35 41 B0 12 66 C5 14 41 06 00 
15 41 08 00 16 41 02 00 17 41 04 00 B0 12 98 C5 
30 41 17 44 0A 00 38 40 C2 00 08 56 C7 48 00 00 
94 53 0A 00 30 41 1E 41 02 00 1F 4E 0A 00 1E 41 
02 00 1F 8E 08 00 30 41 21 83 11 12 08 00 11 12 
08 00 B0 12 06 C6 21 52 81 4F 00 00 1F 41 04 00 
1E 41 04 00 9F 4E 08 00 0A 00 11 12 06 00 1F 41 
06 00 1F 12 08 00 11 12 06 00 1F 41 0A 00 AF 12 
31 50 06 00 21 53 30 41 06 93 37 20 07 93 0B 38 
38 40 7F 00 08 97 07 38 18 44 0A 00 C8 47 00 00 
94 53 0A 00 29 3C 07 93 12 38 38 40 FF 00 08 97 
0E 38 18 44 0A 00 F8 40 CC 00 00 00 94 53 0A 00 
18 44 0A 00 C8 47 00 00 94 53 0A 00 15 3C 18 44 
0A 00 F8 40 CD 00 00 00 94 53 0A 00 87 10 18 44 
0A 00 C8 47 00 00 94 53 0A 00 87 10 18 44 0A 00 
C8 47 00 00 94 53 0A 00 23 3C 18 44 0A 00 F8 40 
CE 00 00 00 94 53 0A 00 86 10 18 44 0A 00 C8 46 
00 00 94 53 0A 00 86 10 18 44 0A 00 C8 46 00 00 
94 53 0A 00 87 10 18 44 0A 00 C8 47 00 00 94 53 
0A 00 87 10 18 44 0A 00 C8 47 00 00 94 53 0A 00 
30 41 36 93 31 20 37 90 E0 FF 07 38 18 44 0A 00 
C8 47 00 00 94 53 0A 00 26 3C 37 90 80 00 0E 38 
18 44 0A 00 F8 40 D0 00 00 00 94 53 0A 00 18 44 
0A 00 C8 47 00 00 94 53 0A 00 15 3C 18 44 0A 00 
F8 40 D1 00 00 00 94 53 0A 00 87 10 18 44 0A 00 
C8 47 00 00 94 53 0A 00 87 10 18 44 0A 00 C8 47 
00 00 94 53 0A 00 4C 3C 06 93 27 20 37 90 80 00 
0E 34 18 44 0A 00 F8 40 D0 00 00 00 94 53 0A 00 
18 44 0A 00 C8 47 00 00 94 53 0A 00 15 3C 18 44 
0A 00 F8 40 D1 00 00 00 94 53 0A 00 87 10 18 44 
0A 00 C8 47 00 00 94 53 0A 00 87 10 18 44 0A 00 
C8 47 00 00 94 53 0A 00 23 3C 18 44 0A 00 F8 40 
D2 00 00 00 94 53 0A 00 86 10 18 44 0A 00 C8 46 
00 00 94 53 0A 00 86 10 18 44 0A 00 C8 46 00 00 
94 53 0A 00 87 10 18 44 0A 00 C8 47 00 00 94 53 
0A 00 87 10 18 44 0A 00 C8 47 00 00 94 53 0A 00 
30 41 15 41 06 00 16 41 08 00 B0 12 C4 C4 C2 44 
10 02 30 41 15 41 06 00 16 41 08 00 B0 12 CA C4 
82 44 12 02 30 41 D2 43 10 02 B2 40 80 00 12 02 
30 41 D2 B3 65 00 FD 23 E2 B3 03 00 FD 27 C2 44 
67 00 D2 B3 65 00 FD 23 30 41 21 83 81 43 00 00 
91 91 04 00 00 00 09 34 24 41 14 51 06 00 64 44 
B0 12 42 C8 91 53 00 00 F3 3F 21 53 30 41 0F 12 
52 12 66 00 92 12 14 02 21 53 4F 93 03 24 B1 C0 
F0 00 02 00 3F 41 00 13 82 44 14 02 30 41 D2 D3 
61 00 F2 D0 80 00 61 00 F2 40 34 00 62 00 C2 43 
63 00 F2 40 11 00 64 00 D2 C3 61 00 D2 D3 01 00 
30 41 04 43 19 83 04 99 0D 34 04 96 0B 34 04 98 
09 34 0A 44 0A 55 0B 44 0B 57 EA 9B 00 00 02 20 
14 53 F1 3F 0A 44 0A 55 6A 4A 0B 44 0B 57 6B 4B 
0A 8B 04 4A 30 41 31 80 2C 00 30 12 D0 C0 0F 41 
2F 53 0F 12 30 12 40 00 30 12 60 02 B0 12 1A C4 
31 52 30 12 D0 C0 0F 41 2F 53 0F 12 30 12 C0 C0 
0F 41 3F 50 1A 00 0F 12 B0 12 44 C4 31 52 04 41 
34 50 14 00 05 44 36 40 C0 C0 B0 12 92 C4 74 90 
09 00 8C 20 04 41 34 50 14 00 05 44 36 40 C0 C0 
B0 12 96 C4 04 54 81 44 22 00 81 43 1E 00 1F 41 
22 00 1F 83 1F 91 1E 00 79 38 30 12 D0 C0 0F 41 
2F 53 0F 12 30 12 C0 C0 0F 41 3F 50 1A 00 0F 12 
B0 12 44 C4 31 52 04 41 34 50 14 00 05 44 36 40 
C0 C0 B0 12 92 C4 74 90 07 00 5D 20 04 41 34 50 
14 00 05 44 36 40 C0 C0 B0 12 BE C4 81 44 20 00 
04 41 35 40 D0 C0 06 41 36 50 24 00 17 41 20 00 
B0 12 9C C4 30 12 D0 C0 0F 41 2F 53 0F 12 30 12 
C0 C0 0F 41 3F 50 1A 00 0F 12 B0 12 44 C4 31 52 
04 41 34 50 24 00 05 44 36 42 37 40 7C CA 38 42 
19 41 20 00 B0 12 C2 C8 04 93 10 20 30 12 C0 C0 
0F 41 3F 50 16 00 0F 12 30 12 D0 C0 0F 41 3F 50 
06 00 0F 12 B0 12 12 C8 31 52 1D 3C 04 41 34 50 
24 00 05 44 36 42 37 40 84 CA 38 42 19 41 20 00 
B0 12 C2 C8 04 93 0F 20 30 12 C0 C0 0F 41 3F 50 
16 00 0F 12 30 12 D0 C0 0F 41 3F 50 06 00 0F 12 
B0 12 24 C8 31 52 91 53 1E 00 81 3F 30 12 D0 C0 
0F 41 2F 53 0F 12 B0 12 D0 C4 21 52 0F 93 02 20 
1F 43 01 3C 0F 43 31 50 2C 00 30 41 62 45 6E 61 
62 6C 65 00 75 31 36 44 61 74 61 00 1F 41 02 00 
FF 40 0A 00 16 02 30 12 32 00 30 12 16 02 1F 41 
06 00 1F 53 0F 12 B0 12 5A C8 31 50 06 00 30 41 
21 83 0E 12 0D 12 0C 12 0B 12 0A 12 09 12 08 12 
07 12 06 12 05 12 04 12 C1 43 16 00 C2 93 5C 02 
0E 20 F1 90 0A 00 1A 00 09 24 D2 43 5C 02 82 43 
5E 02 1F 42 5E 02 DF 41 1A 00 60 02 1F 3C 92 53 
5E 02 F1 90 0A 00 1A 00 0D 24 B2 90 40 00 5E 02 
03 38 C2 43 5C 02 05 3C 1F 42 5E 02 DF 41 1A 00 
60 02 0C 3C C2 43 5C 02 1F 42 5E 02 CF 43 60 02 
B0 12 F6 C8 4F 93 02 24 D1 43 16 00 5F 41 16 00 
34 41 35 41 36 41 37 41 38 41 39 41 3A 41 3B 41 
3C 41 3D 41 3E 41 21 53 30 41 3F 40 60 02 3E 40 
96 CB BF 4E 00 00 2F 53 CE 93 FF FF FA 23 C2 43 
5C 02 82 43 5E 02 34 40 B0 CA B0 12 98 C8 30 12 
C8 C0 30 12 48 02 30 12 32 00 30 12 16 02 B0 12 
1A C5 31 52 34 40 48 02 35 40 C8 C0 36 40 8C CA 
B0 12 4C C5 30 41 00 00 14 42 A0 02 35 40 C8 C0 
16 43 B0 12 52 C5 1F 42 A0 02 30 12 C8 C0 0F 12 
11 12 0C 00 11 12 0C 00 B0 12 BA C5 31 52 14 42 
A0 02 35 40 C8 C0 56 41 02 00 B0 12 F2 C5 1F 42 
A0 02 30 12 C8 C0 0F 12 B0 12 18 C6 21 52 30 41 
14 42 A0 02 35 40 C8 C0 16 43 B0 12 52 C5 1F 42 
A0 02 30 12 C8 C0 0F 12 11 12 0E 00 11 12 0E 00 
B0 12 BA C5 31 52 14 42 A0 02 35 40 C8 C0 16 41 
04 00 17 41 02 00 B0 12 58 C6 1F 42 A0 02 30 12 
C8 C0 0F 12 B0 12 18 C6 21 52 30 41 14 42 A0 02 
35 40 C8 C0 16 43 B0 12 52 C5 1F 42 A0 02 30 12 
C8 C0 0F 12 11 12 0E 00 11 12 0E 00 B0 12 BA C5 
31 52 14 42 A0 02 35 40 C8 C0 16 41 04 00 17 41 
02 00 B0 12 12 C7 1F 42 A0 02 30 12 C8 C0 0F 12 
B0 12 18 C6 21 52 30 41 11 12 08 00 11 12 08 00 
03 12 5E 41 08 00 0E 12 B0 12 E0 CB 31 52 30 41 
11 12 08 00 11 12 08 00 03 12 11 12 0A 00 B0 12 
E0 CB 31 52 30 41 21 83 81 93 04 00 03 34 B1 43 
00 00 02 3C 81 43 00 00 11 12 0A 00 11 12 0A 00 
11 12 06 00 11 12 0C 00 B0 12 2C CC 31 52 21 53 
30 41 11 12 0A 00 11 12 0A 00 11 12 0A 00 11 12 
0A 00 B0 12 2C CC 31 52 30 41 B2 40 48 02 A0 02 
30 41 0F 12 06 12 05 12 04 12 34 40 A8 02 35 40 
A6 02 36 40 10 27 B0 12 00 C0 D2 43 A2 02 C2 93 
10 02 0A 24 92 52 12 02 AA 02 3F 40 00 64 1F 92 
AA 02 02 34 82 43 AA 02 34 41 35 41 36 41 3F 41 
30 41 F2 50 32 00 A3 02 30 41 B2 50 88 13 A4 02 
30 41 C2 43 A2 02 F2 40 32 00 A3 02 B2 40 88 13 
A4 02 B2 40 10 27 A6 02 82 43 A8 02 B2 40 80 00 
AA 02 34 40 F2 CC B0 12 A6 C0 34 40 32 CD 35 40 
3A CD B0 12 60 C0 B0 12 38 C0 30 12 03 00 30 12 
6E CE 52 12 A3 02 B0 12 78 CC 31 50 06 00 30 12 
03 00 30 12 72 CE 12 12 A4 02 B0 12 90 CC 31 50 
06 00 30 12 03 00 30 12 76 CE 12 12 A8 02 12 12 
A6 02 B0 12 D2 CC 31 52 30 12 03 00 30 12 7A CE 
12 12 AA 02 B0 12 A6 CC 31 50 06 00 30 12 08 00 
30 12 7E CE 12 12 12 02 B0 12 A6 CC 31 50 06 00 
30 12 08 00 30 12 86 CE 52 12 10 02 B0 12 98 CB 
31 50 06 00 32 D0 D8 00 C2 93 A2 02 2F 24 30 12 
03 00 30 12 6E CE 52 12 A3 02 B0 12 78 CC 31 50 
06 00 30 12 03 00 30 12 72 CE 12 12 A4 02 B0 12 
90 CC 31 50 06 00 30 12 03 00 30 12 76 CE 12 12 
A8 02 12 12 A6 02 B0 12 D2 CC 31 52 C2 93 10 02 
0A 24 30 12 03 00 30 12 7A CE 12 12 AA 02 B0 12 
A6 CC 31 50 06 00 C2 43 A2 02 CE 3F 32 C2 C2 93 
A2 02 03 20 32 D0 18 00 03 43 C6 3F 30 41 63 31 
00 00 63 32 00 00 63 33 00 00 63 34 00 00 75 31 
36 44 61 74 61 00 62 45 6E 61 62 6C 65 00 31 40 
00 04 B0 12 2C C0 B0 12 6A C0 B0 12 AC C0 B0 12 
36 C8 B0 12 9E C8 B0 12 4A CB B0 12 EA CC B0 12 
42 CD 32 D0 10 00 FD 3F 
@FFE0
B2 CE B2 CE 46 C0 B2 CE B2 CE B2 CE B2 CE 7E C8 
B2 CE 9A C0 B2 CE B2 CE B2 CE B2 CE B2 CE 8E CE 
q
